Fig 2.  Average value of BCA in single source domain transfer on dataset MI1 (%).
Fig 3. Average value of BCA in single source domain transfer on dataset MI2 (%).


MI1:
[62.36 57.46 54.92 52.66 56.57 61.59 58.76 54.32 57.28 55.57]
[63.32 71.04 67.89 68.29 69.68 68.56 68.81 62.52 67.36 63.58]
[63.59 67.07 65.43 68.44 60.46 66.96 60.17 60.94 63.13 64.09]
[63.24 75.24 63.84 65.08 68.74 65.82 66.31 59.11 64.9  69.57]
[73.97 76.35 63.13 62.33 64.77 70.05 61.52 71.43 67.19 67.27]
[67.26 67.63 65.65 69.2  69.91 65.99 69.01 65.06 63.89 59.95]
[65.11 61.61 69.51 64.52 68.68 69.87 67.44 64.5  67.71 63.3 ]
[67.57 71.64 65.23 61.1  67.16 72.35 66.08 73.33 70.32 69.36]
[68.47 75.89 73.18 71.52 71.83 71.49 68.19 73.03 57.84 67.93]
[70.84 69.31 74.44 72.55 64.96 72.24 81.64 72.81 71.69 68.27]
[74.75 69.15 67.26 75.22 73.1  72.98 69.17 70.84 73.47 63.93]
MI2
[62.76 56.29 59.82 65.69 55.74 51.87 56.66 54.06 58.9  60.29]
[63.7  65.91 63.01 62.78 63.95 67.4  62.34 64.05 67.18 62.42]
[63.19 64.81 67.79 67.48 65.73 67.2  69.89 65.31 62.05 64.93]
[66.84 68.22 66.51 69.26 64.94 68.04 67.13 61.69 69.36 63.06]
[69.83 69.61 73.31 64.49 65.57 72.44 67.3  70.57 68.28 66.3 ]
[67.28 70.64 59.31 68.4  61.37 64.86 59.78 66.6  66.17 64.19]
[57.2  68.74 73.08 68.31 69.28 67.68 64.84 65.59 72.68 67.79]
[68.03 68.25 64.25 73.52 68.76 56.72 64.34 65.18 71.78 68.04]
[66.08 65.57 67.7  68.32 65.56 74.75 80.42 69.06 68.75 61.78]
[70.11 72.11 66.09 65.93 65.76 63.01 80.56 70.99 71.03 71.18]
[71.99 73.01 67.97 67.83 69.52 67.75 67.57 69.07 65.62 58.44]

	MI1	MI2	Avg
CSP-LDA	57.23 (10.56)	58.7 (11.58)	57.97
EA-CSP-LDA	66.85 (10.56)	65.00 (14.06)	65.93
RA-MDM	64.98 (10.37)	66.60 (12.60)	65.79
CA	66.17 (9.93)	66.02 (13.14)	66.1
CA-CORAL	67.69 (10.68)	67.26 (13.34)	67.48
CA-GFK	66.62 (10.53)	6554 (13.56)	66.08
CA-JDA	66.01 (12.55)	66.59 (15.28)	66.3
CA-JGSA	65.81 (13.06)	65.90 (16.73)	65.85
TDNN-E	69.19 (12.84)	68.34 (15.51)	68.77
TDNN-L	70.74 (12.28)	68.56 (15.66)	69.65
TDNN-R	70.99 (12.46)	68.73 (15.73)	69.86




Fig 4. Average value of BCA in multi-source domain transfer on dataset MI1 (%).
Fig 5. Average value of BCA in multi-source domain transfer on dataset MI2 (%).

MI1
[59.97 60.62 57.43 64.01 60.89 56.24 62.11 61.27 53.05 57.25]
[84.28 86.2  78.3  82.73 77.47 75.41 79.81 76.07 81.5  83.61]
[71.23 73.11 69.58 68.38 69.15 76.7  70.62 71.69 71.01 75.05]
[77.94 71.02 74.41 72.76 80.41 76.3  72.77 74.21 76.73 80.66]
[79.86 83.02 78.89 82.29 76.   80.75 75.76 86.84 78.8  73.95]
[72.5  74.95 76.06 73.03 74.74 83.52 78.53 74.15 75.6  76.07]
[79.98 85.94 76.57 82.02 80.57 85.94 77.34 75.42 80.18 80.03]
[78.56 78.33 68.96 78.65 75.4  82.8  79.41 77.71 73.29 74.91]
[73.84 77.62 85.1  82.03 81.51 90.05 81.75 81.31 78.07 82.81]
[86.4  79.77 79.64 85.01 84.55 84.88 82.42 82.61 79.77 82.6 ]
[80.82 81.75 79.17 82.28 81.38 80.31 84.6  80.   84.15 87.74]

MI2
[63.79 63.94 64.98 63.52 72.32 67.69 63.45 63.81 65.84 65.58]
[72.45 72.26 72.97 72.57 69.8  77.55 77.12 80.57 73.08 72.6 ]
[77.47 71.93 67.96 71.8  71.3  74.83 69.72 72.74 74.86 72.4 ]
[71.74 74.48 77.36 72.81 74.41 72.4  67.63 71.29 69.87 65.02]
[72.67 71.92 75.48 69.16 78.69 72.73 73.99 72.58 70.5  67.2 ]
[79.94 78.48 65.34 76.28 69.83 78.54 67.17 68.83 78.69 75.4 ]
[74.95 74.59 74.5  75.16 70.88 77.66 74.61 74.14 73.62 72.17]
[73.89 65.97 72.06 79.46 71.49 73.18 72.62 73.78 72.41 77.93]
[66.81 77.39 78.48 75.04 67.68 82.69 75.21 80.12 73.56 84.57]
[69.42 76.59 76.14 76.37 76.24 78.99 73.29 73.41 73.31 79.45]
[71.62 75.55 74.35 77.63 75.96 86.14 77.83 80.76 74.71 78.75]



	MI1	MI2	Avg
CSP-LDA	59.71 (12.93)	67.75 (12.92)	63.73
EA-CSP-LDA	79.79 (6.57)	73.53 (15.96)	76.66
RA-MDM	73.29 (9.25)	72.07 (9.88)	72.68
CA	76.29 (9.66)	71.84 (13.89)	74.07
CA-CORAL	78.86 (8.73)	72.38 (13.38)	75.62
CA-GFK	76.79 (12.57)	72.99 (15.82)	74.89
CA-JDA	81.07 (11.19)	74.15 (15.77)	77.61
CA-JGSA	76.79 (12.35)	73.07 (16.33)	74.93
TDNN-E	81.29 (10.18)	76.00 (17.61)	78.65
TDNN-L	83.07 (9.30)	76.54 (16.72)	79.81
TDNN-R	83.42 (9.55)	77.95 (16.76)	79.87



Table 2.  p value in T-test
The ways of transferring	TDNN-R vs	MI1	MI2
	CSP-LDA	.0000	.0000
	EA-CSP-LDA	.0030	.0002
	CSP-LDA	.0000	.0000
STS	CA-CORAL	.0004	.0250
	CA-GFK	.0000	.0001
	CA-JDA	.0003	.0124
	CA-JGSA	.0018	.0004
	CSP-LDA	.0015	.0043
	EA-CSP-LDA	.0274	.0152
	CA	.0345	.0136
MTS	CA-CORAL	.0069	.0173
	CA-GFK	.0079	.0135
	CA-JDA	.0267	.0125
	CA-JGSA	.0145	.0137


Fig 7. Accuracy with / without adaptive loss
Accuracy without adaptive loss 
[33.4461,30.5013,29.1855,30.5639,46.7293,50.1128,52.3058,62.3308,64.2732,66.0276,66.7795,66.8421,68.6591,69.0351,69.8496,70.5389,70.1629,70.5389,71.2907,70.6015,71.98,72.4812,72.4812,73.0451,73.0451,73.6717,73.4211,73.7343,73.8596,73.4837,73.8596,74.1103,74.2356,75.4261,74.0476,73.2957,74.3609,75.0501,74.1103,74.2356,73.9223,74.5489,75.1128,74.8622,74.1103,74.8622,73.1704,74.6742,74.6742,73.4211,74.5489,74.7995,74.4236,74.1729,74.6115,73.5464,73.1078,74.1103,74.6115,73.609]
Accuracy with adaptive loss 
[30.5639,31.0025,30.6892,31.3158,31.3158,29.5614,34.0727,52.807,48.1078,32.9449,28.3083,30.6892,57.2556,42.9699,36.6416,59.8246,49.6115,62.1429,54.812,36.7043,65.0251,64.8371,64.3985,64.9624,58.7594,60.2632,66.7168,65.401,63.4586,68.9724,66.4662,65.7769,67.406,67.782,69.3484,68.4712,68.7845,70.1629,70.6642,71.2281,72.4812,72.8571,71.8546,73.5464,74.0476,73.609,74.6115,74.1729,74.1729,74.0476,74.9248,74.5489,73.797,74.4862,74.9875,74.0476,75.614,74.9875,74.5489,74.4862]
